317 1 00000000000000000000000010100101
317 1 00000000011000000111000000000101
317 0
919 0
919 1 00000000000001111111111111100000
919 1 00000011111110000000011111100000
919 0
919 1 00000000000000000000000000000000
919 0
523 1 00000000000000000000000000010010
956 1 00000000000000101001111100000100
956 1 00000111000110101001100100000100
956 0
956 1 00000000000000000000000000000000
956 0
956 1 00000000000000000000000000000000
956 0
538 1 00000000000000111111100000000001
1 1 00000000000111100001111100010101